i1	V(vo)
-5.000000000000000e-004	2.444252e+000
-4.990000000000000e-004	2.444315e+000
-4.980000000000000e-004	2.444378e+000
-4.969999999999999e-004	2.444440e+000
-4.959999999999999e-004	2.444503e+000
-4.949999999999999e-004	2.444565e+000
-4.939999999999999e-004	2.444628e+000
-4.929999999999998e-004	2.444690e+000
-4.919999999999998e-004	2.444752e+000
-4.909999999999998e-004	2.444815e+000
-4.899999999999998e-004	2.444878e+000
-4.889999999999997e-004	2.444940e+000
-4.879999999999997e-004	2.445003e+000
-4.869999999999997e-004	2.445065e+000
-4.859999999999997e-004	2.445127e+000
-4.849999999999997e-004	2.445190e+000
-4.839999999999996e-004	2.445252e+000
-4.829999999999996e-004	2.445315e+000
-4.819999999999996e-004	2.445377e+000
-4.809999999999996e-004	2.445440e+000
-4.799999999999995e-004	2.445503e+000
-4.789999999999995e-004	2.445565e+000
-4.779999999999995e-004	2.445627e+000
-4.769999999999995e-004	2.445690e+000
-4.759999999999994e-004	2.445752e+000
-4.749999999999994e-004	2.445815e+000
-4.739999999999994e-004	2.445877e+000
-4.729999999999994e-004	2.445940e+000
-4.719999999999993e-004	2.446002e+000
-4.709999999999993e-004	2.446065e+000
-4.699999999999993e-004	2.446127e+000
-4.689999999999993e-004	2.446190e+000
-4.679999999999992e-004	2.446252e+000
-4.669999999999992e-004	2.446315e+000
-4.659999999999992e-004	2.446377e+000
-4.649999999999992e-004	2.446440e+000
-4.639999999999991e-004	2.446502e+000
-4.629999999999991e-004	2.446565e+000
-4.619999999999991e-004	2.446627e+000
-4.609999999999991e-004	2.446690e+000
-4.599999999999990e-004	2.446752e+000
-4.589999999999990e-004	2.446815e+000
-4.579999999999990e-004	2.446877e+000
-4.569999999999990e-004	2.446940e+000
-4.559999999999989e-004	2.447002e+000
-4.549999999999989e-004	2.447065e+000
-4.539999999999989e-004	2.447127e+000
-4.529999999999989e-004	2.447190e+000
-4.519999999999988e-004	2.447252e+000
-4.509999999999988e-004	2.447315e+000
-4.499999999999988e-004	2.447377e+000
-4.489999999999988e-004	2.447440e+000
-4.479999999999988e-004	2.447502e+000
-4.469999999999987e-004	2.447565e+000
-4.459999999999987e-004	2.447627e+000
-4.449999999999987e-004	2.447690e+000
-4.439999999999987e-004	2.447752e+000
-4.429999999999986e-004	2.447814e+000
-4.419999999999986e-004	2.447877e+000
-4.409999999999986e-004	2.447940e+000
-4.399999999999986e-004	2.448002e+000
-4.389999999999985e-004	2.448065e+000
-4.379999999999985e-004	2.448127e+000
-4.369999999999985e-004	2.448189e+000
-4.359999999999985e-004	2.448252e+000
-4.349999999999984e-004	2.448314e+000
-4.339999999999984e-004	2.448377e+000
-4.329999999999984e-004	2.448439e+000
-4.319999999999984e-004	2.448502e+000
-4.309999999999983e-004	2.448564e+000
-4.299999999999983e-004	2.448627e+000
-4.289999999999983e-004	2.448689e+000
-4.279999999999983e-004	2.448752e+000
-4.269999999999982e-004	2.448814e+000
-4.259999999999982e-004	2.448877e+000
-4.249999999999982e-004	2.448939e+000
-4.239999999999982e-004	2.449001e+000
-4.229999999999981e-004	2.449064e+000
-4.219999999999981e-004	2.449126e+000
-4.209999999999981e-004	2.449189e+000
-4.199999999999981e-004	2.449251e+000
-4.189999999999980e-004	2.449314e+000
-4.179999999999980e-004	2.449376e+000
-4.169999999999980e-004	2.449438e+000
-4.159999999999980e-004	2.449501e+000
-4.149999999999979e-004	2.449563e+000
-4.139999999999979e-004	2.449625e+000
-4.129999999999979e-004	2.449688e+000
-4.119999999999979e-004	2.449750e+000
-4.109999999999979e-004	2.449813e+000
-4.099999999999978e-004	2.449875e+000
-4.089999999999978e-004	2.449937e+000
-4.079999999999978e-004	2.450000e+000
-4.069999999999978e-004	2.450062e+000
-4.059999999999977e-004	2.450125e+000
-4.049999999999977e-004	2.450187e+000
-4.039999999999977e-004	2.450249e+000
-4.029999999999977e-004	2.450311e+000
-4.019999999999976e-004	2.450374e+000
-4.009999999999976e-004	2.450436e+000
-3.999999999999976e-004	2.450498e+000
-3.989999999999976e-004	2.450560e+000
-3.979999999999975e-004	2.450622e+000
-3.969999999999975e-004	2.450685e+000
-3.959999999999975e-004	2.450747e+000
-3.949999999999975e-004	2.450809e+000
-3.939999999999974e-004	2.450871e+000
-3.929999999999974e-004	2.450933e+000
-3.919999999999974e-004	2.450995e+000
-3.909999999999974e-004	2.451057e+000
-3.899999999999973e-004	2.451119e+000
-3.889999999999973e-004	2.451181e+000
-3.879999999999973e-004	2.451243e+000
-3.869999999999973e-004	2.451305e+000
-3.859999999999972e-004	2.451366e+000
-3.849999999999972e-004	2.451428e+000
-3.839999999999972e-004	2.451490e+000
-3.829999999999972e-004	2.451551e+000
-3.819999999999971e-004	2.451613e+000
-3.809999999999971e-004	2.451674e+000
-3.799999999999971e-004	2.451736e+000
-3.789999999999971e-004	2.451797e+000
-3.779999999999970e-004	2.451859e+000
-3.769999999999970e-004	2.451920e+000
-3.759999999999970e-004	2.451981e+000
-3.749999999999970e-004	2.452042e+000
-3.739999999999970e-004	2.452103e+000
-3.729999999999969e-004	2.452163e+000
-3.719999999999969e-004	2.452224e+000
-3.709999999999969e-004	2.452284e+000
-3.699999999999969e-004	2.452345e+000
-3.689999999999968e-004	2.452405e+000
-3.679999999999968e-004	2.452465e+000
-3.669999999999968e-004	2.452525e+000
-3.659999999999968e-004	2.452584e+000
-3.649999999999967e-004	2.452644e+000
-3.639999999999967e-004	2.452703e+000
-3.629999999999967e-004	2.452762e+000
-3.619999999999967e-004	2.452821e+000
-3.609999999999966e-004	2.452879e+000
-3.599999999999966e-004	2.452937e+000
-3.589999999999966e-004	2.452995e+000
-3.579999999999966e-004	2.453052e+000
-3.569999999999965e-004	2.453109e+000
-3.559999999999965e-004	2.453166e+000
-3.549999999999965e-004	2.453222e+000
-3.539999999999965e-004	2.453278e+000
-3.529999999999964e-004	2.453333e+000
-3.519999999999964e-004	2.453388e+000
-3.509999999999964e-004	2.453442e+000
-3.499999999999964e-004	2.453495e+000
-3.489999999999963e-004	2.453548e+000
-3.479999999999963e-004	2.453600e+000
-3.469999999999963e-004	2.453651e+000
-3.459999999999963e-004	2.453701e+000
-3.449999999999962e-004	2.453751e+000
-3.439999999999962e-004	2.453799e+000
-3.429999999999962e-004	2.453846e+000
-3.419999999999962e-004	2.453892e+000
-3.409999999999962e-004	2.453936e+000
-3.399999999999961e-004	2.453979e+000
-3.389999999999961e-004	2.454021e+000
-3.379999999999961e-004	2.454061e+000
-3.369999999999961e-004	2.454098e+000
-3.359999999999960e-004	2.454134e+000
-3.349999999999960e-004	2.454167e+000
-3.339999999999960e-004	2.454198e+000
-3.329999999999960e-004	2.454226e+000
-3.319999999999959e-004	2.454252e+000
-3.309999999999959e-004	2.454273e+000
-3.299999999999959e-004	2.454291e+000
-3.289999999999959e-004	2.454305e+000
-3.279999999999958e-004	2.454314e+000
-3.269999999999958e-004	2.454319e+000
-3.259999999999958e-004	2.454317e+000
-3.249999999999958e-004	2.454309e+000
-3.239999999999957e-004	2.454295e+000
-3.229999999999957e-004	2.454272e+000
-3.219999999999957e-004	2.454244e+000
-3.209999999999957e-004	2.454216e+000
-3.199999999999956e-004	2.454185e+000
-3.189999999999956e-004	2.454151e+000
-3.179999999999956e-004	2.454113e+000
-3.169999999999956e-004	2.454073e+000
-3.159999999999955e-004	2.454030e+000
-3.149999999999955e-004	2.453983e+000
-3.139999999999955e-004	2.453933e+000
-3.129999999999955e-004	2.453880e+000
-3.119999999999954e-004	2.453823e+000
-3.109999999999954e-004	2.453762e+000
-3.099999999999954e-004	2.453698e+000
-3.089999999999954e-004	2.453629e+000
-3.079999999999953e-004	2.453557e+000
-3.069999999999953e-004	2.453480e+000
-3.059999999999953e-004	2.453400e+000
-3.049999999999953e-004	2.453315e+000
-3.039999999999953e-004	2.453226e+000
-3.029999999999952e-004	2.453132e+000
-3.019999999999952e-004	2.453033e+000
-3.009999999999952e-004	2.452930e+000
-2.999999999999952e-004	2.452821e+000
-2.989999999999951e-004	2.452708e+000
-2.979999999999951e-004	2.452589e+000
-2.969999999999951e-004	2.452465e+000
-2.959999999999951e-004	2.452336e+000
-2.949999999999950e-004	2.452201e+000
-2.939999999999950e-004	2.452060e+000
-2.929999999999950e-004	2.451913e+000
-2.919999999999950e-004	2.451761e+000
-2.909999999999949e-004	2.451602e+000
-2.899999999999949e-004	2.451437e+000
-2.889999999999949e-004	2.451265e+000
-2.879999999999949e-004	2.451086e+000
-2.869999999999948e-004	2.450901e+000
-2.859999999999948e-004	2.450708e+000
-2.849999999999948e-004	2.450509e+000
-2.839999999999948e-004	2.450302e+000
-2.829999999999947e-004	2.450088e+000
-2.819999999999947e-004	2.449866e+000
-2.809999999999947e-004	2.449636e+000
-2.799999999999947e-004	2.449398e+000
-2.789999999999946e-004	2.449151e+000
-2.779999999999946e-004	2.448897e+000
-2.769999999999946e-004	2.448633e+000
-2.759999999999946e-004	2.448361e+000
-2.749999999999945e-004	2.448080e+000
-2.739999999999945e-004	2.447790e+000
-2.729999999999945e-004	2.447490e+000
-2.719999999999945e-004	2.447181e+000
-2.709999999999944e-004	2.446862e+000
-2.699999999999944e-004	2.446533e+000
-2.689999999999944e-004	2.446194e+000
-2.679999999999944e-004	2.445844e+000
-2.669999999999944e-004	2.445483e+000
-2.659999999999943e-004	2.445112e+000
-2.649999999999943e-004	2.444730e+000
-2.639999999999943e-004	2.444336e+000
-2.629999999999943e-004	2.443930e+000
-2.619999999999942e-004	2.443513e+000
-2.609999999999942e-004	2.443084e+000
-2.599999999999942e-004	2.442642e+000
-2.589999999999942e-004	2.442188e+000
-2.579999999999941e-004	2.441721e+000
-2.569999999999941e-004	2.441241e+000
-2.559999999999941e-004	2.440747e+000
-2.549999999999941e-004	2.440240e+000
-2.539999999999940e-004	2.439718e+000
-2.529999999999940e-004	2.439183e+000
-2.519999999999940e-004	2.438632e+000
-2.509999999999940e-004	2.438067e+000
-2.499999999999939e-004	2.437486e+000
-2.489999999999939e-004	2.436890e+000
-2.479999999999939e-004	2.436277e+000
-2.469999999999939e-004	2.435648e+000
-2.459999999999938e-004	2.435002e+000
-2.449999999999938e-004	2.434338e+000
-2.439999999999938e-004	2.433657e+000
-2.429999999999938e-004	2.432957e+000
-2.419999999999938e-004	2.432238e+000
-2.409999999999938e-004	2.431499e+000
-2.399999999999938e-004	2.430740e+000
-2.389999999999938e-004	2.429960e+000
-2.379999999999938e-004	2.429158e+000
-2.369999999999938e-004	2.428334e+000
-2.359999999999938e-004	2.427486e+000
-2.349999999999938e-004	2.426614e+000
-2.339999999999938e-004	2.425715e+000
-2.329999999999939e-004	2.424790e+000
-2.319999999999939e-004	2.423836e+000
-2.309999999999939e-004	2.422853e+000
-2.299999999999939e-004	2.421837e+000
-2.289999999999939e-004	2.420788e+000
-2.279999999999939e-004	2.419703e+000
-2.269999999999939e-004	2.418578e+000
-2.259999999999939e-004	2.417412e+000
-2.249999999999939e-004	2.416199e+000
-2.239999999999939e-004	2.414937e+000
-2.229999999999939e-004	2.413620e+000
-2.219999999999939e-004	2.412241e+000
-2.209999999999939e-004	2.410792e+000
-2.199999999999939e-004	2.409222e+000
-2.189999999999939e-004	2.407594e+000
-2.179999999999939e-004	2.405856e+000
-2.169999999999939e-004	2.403983e+000
-2.159999999999939e-004	2.401940e+000
-2.149999999999939e-004	2.399677e+000
-2.139999999999939e-004	2.397105e+000
-2.129999999999939e-004	2.394057e+000
-2.119999999999939e-004	2.390106e+000
-2.109999999999939e-004	2.383889e+000
-2.099999999999939e-004	2.376866e+000
-2.089999999999939e-004	2.369841e+000
-2.079999999999939e-004	2.362813e+000
-2.069999999999939e-004	2.355783e+000
-2.059999999999939e-004	2.348752e+000
-2.049999999999939e-004	2.341718e+000
-2.039999999999939e-004	2.334682e+000
-2.029999999999939e-004	2.327643e+000
-2.019999999999939e-004	2.320603e+000
-2.009999999999939e-004	2.313560e+000
-1.999999999999939e-004	2.306515e+000
-1.989999999999939e-004	2.299468e+000
-1.979999999999939e-004	2.292418e+000
-1.969999999999940e-004	2.285366e+000
-1.959999999999940e-004	2.278311e+000
-1.949999999999940e-004	2.271255e+000
-1.939999999999940e-004	2.264196e+000
-1.929999999999940e-004	2.257134e+000
-1.919999999999940e-004	2.250070e+000
-1.909999999999940e-004	2.243004e+000
-1.899999999999940e-004	2.235934e+000
-1.889999999999940e-004	2.228863e+000
-1.879999999999940e-004	2.221789e+000
-1.869999999999940e-004	2.214712e+000
-1.859999999999940e-004	2.207633e+000
-1.849999999999940e-004	2.200551e+000
-1.839999999999940e-004	2.193466e+000
-1.829999999999940e-004	2.186378e+000
-1.819999999999940e-004	2.179288e+000
-1.809999999999940e-004	2.172195e+000
-1.799999999999940e-004	2.165100e+000
-1.789999999999940e-004	2.158001e+000
-1.779999999999940e-004	2.150900e+000
-1.769999999999940e-004	2.143795e+000
-1.759999999999940e-004	2.136688e+000
-1.749999999999940e-004	2.129578e+000
-1.739999999999940e-004	2.122465e+000
-1.729999999999940e-004	2.115348e+000
-1.719999999999940e-004	2.108229e+000
-1.709999999999940e-004	2.101106e+000
-1.699999999999940e-004	2.093981e+000
-1.689999999999940e-004	2.086852e+000
-1.679999999999940e-004	2.079720e+000
-1.669999999999940e-004	2.072585e+000
-1.659999999999940e-004	2.065446e+000
-1.649999999999940e-004	2.058304e+000
-1.639999999999940e-004	2.051159e+000
-1.629999999999940e-004	2.044010e+000
-1.619999999999940e-004	2.036858e+000
-1.609999999999941e-004	2.029702e+000
-1.599999999999941e-004	2.022542e+000
-1.589999999999941e-004	2.015379e+000
-1.579999999999941e-004	2.008213e+000
-1.569999999999941e-004	2.001043e+000
-1.559999999999941e-004	1.993868e+000
-1.549999999999941e-004	1.986691e+000
-1.539999999999941e-004	1.979509e+000
-1.529999999999941e-004	1.972323e+000
-1.519999999999941e-004	1.965134e+000
-1.509999999999941e-004	1.957940e+000
-1.499999999999941e-004	1.950742e+000
-1.489999999999941e-004	1.943541e+000
-1.479999999999941e-004	1.936335e+000
-1.469999999999941e-004	1.929125e+000
-1.459999999999941e-004	1.921910e+000
-1.449999999999941e-004	1.914691e+000
-1.439999999999941e-004	1.907468e+000
-1.429999999999941e-004	1.900240e+000
-1.419999999999941e-004	1.893008e+000
-1.409999999999941e-004	1.885771e+000
-1.399999999999941e-004	1.878530e+000
-1.389999999999941e-004	1.871284e+000
-1.379999999999941e-004	1.864033e+000
-1.369999999999941e-004	1.856777e+000
-1.359999999999941e-004	1.849516e+000
-1.349999999999941e-004	1.842250e+000
-1.339999999999941e-004	1.834979e+000
-1.329999999999941e-004	1.827702e+000
-1.319999999999941e-004	1.820421e+000
-1.309999999999941e-004	1.813134e+000
-1.299999999999941e-004	1.805842e+000
-1.289999999999941e-004	1.798544e+000
-1.279999999999941e-004	1.791240e+000
-1.269999999999941e-004	1.783931e+000
-1.259999999999942e-004	1.776616e+000
-1.249999999999942e-004	1.769295e+000
-1.239999999999942e-004	1.761969e+000
-1.229999999999942e-004	1.754636e+000
-1.219999999999942e-004	1.747297e+000
-1.209999999999942e-004	1.739951e+000
-1.199999999999942e-004	1.732599e+000
-1.189999999999942e-004	1.725241e+000
-1.179999999999942e-004	1.717876e+000
-1.169999999999942e-004	1.710505e+000
-1.159999999999942e-004	1.703126e+000
-1.149999999999942e-004	1.695741e+000
-1.139999999999942e-004	1.688348e+000
-1.129999999999942e-004	1.680948e+000
-1.119999999999942e-004	1.673541e+000
-1.109999999999942e-004	1.666126e+000
-1.099999999999942e-004	1.658704e+000
-1.089999999999942e-004	1.651274e+000
-1.079999999999942e-004	1.643836e+000
-1.069999999999942e-004	1.636389e+000
-1.059999999999942e-004	1.628935e+000
-1.049999999999942e-004	1.621472e+000
-1.039999999999942e-004	1.614001e+000
-1.029999999999942e-004	1.606521e+000
-1.019999999999942e-004	1.599032e+000
-1.009999999999942e-004	1.591534e+000
-9.999999999999422e-005	1.584026e+000
-9.899999999999422e-005	1.576509e+000
-9.799999999999422e-005	1.568983e+000
-9.699999999999423e-005	1.561446e+000
-9.599999999999423e-005	1.553899e+000
-9.499999999999423e-005	1.546342e+000
-9.399999999999424e-005	1.538775e+000
-9.299999999999424e-005	1.531197e+000
-9.199999999999424e-005	1.523608e+000
-9.099999999999424e-005	1.516007e+000
-8.999999999999425e-005	1.508395e+000
-8.899999999999425e-005	1.500771e+000
-8.799999999999425e-005	1.493135e+000
-8.699999999999425e-005	1.485487e+000
-8.599999999999426e-005	1.477826e+000
-8.499999999999426e-005	1.470152e+000
-8.399999999999426e-005	1.462465e+000
-8.299999999999427e-005	1.454764e+000
-8.199999999999427e-005	1.447049e+000
-8.099999999999427e-005	1.439320e+000
-7.999999999999427e-005	1.431576e+000
-7.899999999999428e-005	1.423818e+000
-7.799999999999428e-005	1.416043e+000
-7.699999999999428e-005	1.408253e+000
-7.599999999999429e-005	1.400447e+000
-7.499999999999429e-005	1.392623e+000
-7.399999999999429e-005	1.384783e+000
-7.299999999999429e-005	1.376925e+000
-7.199999999999430e-005	1.369048e+000
-7.099999999999430e-005	1.361153e+000
-6.999999999999430e-005	1.353238e+000
-6.899999999999431e-005	1.345304e+000
-6.799999999999431e-005	1.337349e+000
-6.699999999999431e-005	1.329373e+000
-6.599999999999431e-005	1.321374e+000
-6.499999999999432e-005	1.313354e+000
-6.399999999999432e-005	1.305310e+000
-6.299999999999432e-005	1.297242e+000
-6.199999999999432e-005	1.289149e+000
-6.099999999999433e-005	1.281031e+000
-5.999999999999433e-005	1.272886e+000
-5.899999999999433e-005	1.264714e+000
-5.799999999999434e-005	1.256512e+000
-5.699999999999434e-005	1.248282e+000
-5.599999999999434e-005	1.240020e+000
-5.499999999999434e-005	1.231727e+000
-5.399999999999435e-005	1.223401e+000
-5.299999999999435e-005	1.215040e+000
-5.199999999999435e-005	1.206644e+000
-5.099999999999436e-005	1.198210e+000
-4.999999999999436e-005	1.189738e+000
-4.899999999999436e-005	1.181224e+000
-4.799999999999436e-005	1.172669e+000
-4.699999999999437e-005	1.164069e+000
-4.599999999999437e-005	1.155424e+000
-4.499999999999437e-005	1.146729e+000
-4.399999999999438e-005	1.137985e+000
-4.299999999999438e-005	1.129186e+000
-4.199999999999438e-005	1.120332e+000
-4.099999999999438e-005	1.111420e+000
-3.999999999999439e-005	1.102445e+000
-3.899999999999439e-005	1.093405e+000
-3.799999999999439e-005	1.084295e+000
-3.699999999999439e-005	1.075113e+000
-3.599999999999440e-005	1.065854e+000
-3.499999999999440e-005	1.056512e+000
-3.399999999999440e-005	1.047084e+000
-3.299999999999441e-005	1.037562e+000
-3.199999999999441e-005	1.027941e+000
-3.099999999999441e-005	1.018214e+000
-2.999999999999441e-005	1.008373e+000
-2.899999999999441e-005	9.984103e-001
-2.799999999999441e-005	9.883155e-001
-2.699999999999441e-005	9.780782e-001
-2.599999999999441e-005	9.676867e-001
-2.499999999999441e-005	9.571271e-001
-2.399999999999441e-005	9.463843e-001
-2.299999999999441e-005	9.354405e-001
-2.199999999999441e-005	9.242755e-001
-2.099999999999441e-005	9.128659e-001
-1.999999999999440e-005	9.011844e-001
-1.899999999999440e-005	8.891989e-001
-1.799999999999440e-005	8.768712e-001
-1.699999999999440e-005	8.641556e-001
-1.599999999999440e-005	8.509967e-001
-1.499999999999440e-005	8.373267e-001
-1.399999999999440e-005	8.230608e-001
-1.299999999999440e-005	8.080916e-001
-1.199999999999440e-005	7.922808e-001
-1.099999999999440e-005	7.754453e-001
-9.999999999994399e-006	7.573367e-001
-8.999999999994398e-006	7.376067e-001
-7.999999999994397e-006	7.157468e-001
-6.999999999994398e-006	6.909773e-001
-5.999999999994398e-006	6.620232e-001
-4.999999999994398e-006	6.266239e-001
-3.999999999994398e-006	5.797543e-001
-2.999999999994399e-006	5.113615e-001
-1.999999999994399e-006	3.966208e-001
-9.999999999943990e-007	2.141755e-001
5.601005363719061e-018	-1.213970e-012
1.000000000005601e-006	-2.141731e-001
2.000000000005601e-006	-3.965868e-001
3.000000000005601e-006	-5.113546e-001
4.000000000005600e-006	-5.797534e-001
5.000000000005600e-006	-6.264367e-001
6.000000000005600e-006	-6.625433e-001
7.000000000005600e-006	-6.912332e-001
8.000000000005600e-006	-7.158141e-001
9.000000000005601e-006	-7.376339e-001
1.000000000000560e-005	-7.573520e-001
1.100000000000560e-005	-7.754539e-001
1.200000000000560e-005	-7.922858e-001
1.300000000000560e-005	-8.080947e-001
1.400000000000560e-005	-8.230627e-001
1.500000000000560e-005	-8.373280e-001
1.600000000000560e-005	-8.509976e-001
1.700000000000560e-005	-8.641562e-001
1.800000000000560e-005	-8.768716e-001
1.900000000000561e-005	-8.891992e-001
2.000000000000561e-005	-9.011847e-001
2.100000000000561e-005	-9.128661e-001
2.200000000000561e-005	-9.242756e-001
2.300000000000561e-005	-9.354405e-001
2.400000000000561e-005	-9.463843e-001
2.500000000000561e-005	-9.571272e-001
2.600000000000561e-005	-9.676867e-001
2.700000000000561e-005	-9.780783e-001
2.800000000000561e-005	-9.883155e-001
2.900000000000561e-005	-9.984103e-001
3.000000000000561e-005	-1.008373e+000
3.100000000000561e-005	-1.018214e+000
3.200000000000561e-005	-1.027941e+000
3.300000000000561e-005	-1.037562e+000
3.400000000000560e-005	-1.047084e+000
3.500000000000560e-005	-1.056512e+000
3.600000000000560e-005	-1.065854e+000
3.700000000000560e-005	-1.075113e+000
3.800000000000559e-005	-1.084295e+000
3.900000000000559e-005	-1.093405e+000
4.000000000000559e-005	-1.102445e+000
4.100000000000558e-005	-1.111420e+000
4.200000000000558e-005	-1.120332e+000
4.300000000000558e-005	-1.129186e+000
4.400000000000558e-005	-1.137985e+000
4.500000000000557e-005	-1.146729e+000
4.600000000000557e-005	-1.155424e+000
4.700000000000557e-005	-1.164069e+000
4.800000000000557e-005	-1.172669e+000
4.900000000000556e-005	-1.181224e+000
5.000000000000556e-005	-1.189738e+000
5.100000000000556e-005	-1.198210e+000
5.200000000000555e-005	-1.206644e+000
5.300000000000555e-005	-1.215040e+000
5.400000000000555e-005	-1.223401e+000
5.500000000000555e-005	-1.231727e+000
5.600000000000554e-005	-1.240020e+000
5.700000000000554e-005	-1.248282e+000
5.800000000000554e-005	-1.256512e+000
5.900000000000553e-005	-1.264714e+000
6.000000000000553e-005	-1.272886e+000
6.100000000000553e-005	-1.281031e+000
6.200000000000553e-005	-1.289149e+000
6.300000000000553e-005	-1.297242e+000
6.400000000000553e-005	-1.305310e+000
6.500000000000552e-005	-1.313354e+000
6.600000000000552e-005	-1.321374e+000
6.700000000000552e-005	-1.329373e+000
6.800000000000552e-005	-1.337349e+000
6.900000000000551e-005	-1.345304e+000
7.000000000000551e-005	-1.353238e+000
7.100000000000551e-005	-1.361153e+000
7.200000000000550e-005	-1.369048e+000
7.300000000000550e-005	-1.376925e+000
7.400000000000550e-005	-1.384783e+000
7.500000000000550e-005	-1.392623e+000
7.600000000000549e-005	-1.400447e+000
7.700000000000549e-005	-1.408253e+000
7.800000000000549e-005	-1.416043e+000
7.900000000000549e-005	-1.423818e+000
8.000000000000548e-005	-1.431576e+000
8.100000000000548e-005	-1.439320e+000
8.200000000000548e-005	-1.447049e+000
8.300000000000547e-005	-1.454764e+000
8.400000000000547e-005	-1.462465e+000
8.500000000000547e-005	-1.470152e+000
8.600000000000547e-005	-1.477826e+000
8.700000000000546e-005	-1.485487e+000
8.800000000000546e-005	-1.493135e+000
8.900000000000546e-005	-1.500771e+000
9.000000000000545e-005	-1.508395e+000
9.100000000000545e-005	-1.516007e+000
9.200000000000545e-005	-1.523608e+000
9.300000000000545e-005	-1.531197e+000
9.400000000000544e-005	-1.538775e+000
9.500000000000544e-005	-1.546342e+000
9.600000000000544e-005	-1.553899e+000
9.700000000000543e-005	-1.561446e+000
9.800000000000543e-005	-1.568983e+000
9.900000000000543e-005	-1.576509e+000
1.000000000000054e-004	-1.584026e+000
1.010000000000054e-004	-1.591534e+000
1.020000000000054e-004	-1.599032e+000
1.030000000000054e-004	-1.606521e+000
1.040000000000054e-004	-1.614001e+000
1.050000000000054e-004	-1.621472e+000
1.060000000000054e-004	-1.628935e+000
1.070000000000054e-004	-1.636389e+000
1.080000000000054e-004	-1.643836e+000
1.090000000000054e-004	-1.651274e+000
1.100000000000054e-004	-1.658704e+000
1.110000000000054e-004	-1.666126e+000
1.120000000000054e-004	-1.673541e+000
1.130000000000054e-004	-1.680948e+000
1.140000000000054e-004	-1.688348e+000
1.150000000000054e-004	-1.695741e+000
1.160000000000054e-004	-1.703126e+000
1.170000000000054e-004	-1.710505e+000
1.180000000000054e-004	-1.717876e+000
1.190000000000054e-004	-1.725241e+000
1.200000000000054e-004	-1.732599e+000
1.210000000000054e-004	-1.739951e+000
1.220000000000054e-004	-1.747297e+000
1.230000000000054e-004	-1.754636e+000
1.240000000000054e-004	-1.761969e+000
1.250000000000054e-004	-1.769295e+000
1.260000000000054e-004	-1.776616e+000
1.270000000000054e-004	-1.783931e+000
1.280000000000054e-004	-1.791240e+000
1.290000000000054e-004	-1.798544e+000
1.300000000000054e-004	-1.805842e+000
1.310000000000054e-004	-1.813134e+000
1.320000000000054e-004	-1.820421e+000
1.330000000000054e-004	-1.827702e+000
1.340000000000053e-004	-1.834979e+000
1.350000000000053e-004	-1.842250e+000
1.360000000000053e-004	-1.849516e+000
1.370000000000053e-004	-1.856777e+000
1.380000000000053e-004	-1.864033e+000
1.390000000000053e-004	-1.871284e+000
1.400000000000053e-004	-1.878530e+000
1.410000000000053e-004	-1.885771e+000
1.420000000000053e-004	-1.893008e+000
1.430000000000053e-004	-1.900240e+000
1.440000000000053e-004	-1.907468e+000
1.450000000000053e-004	-1.914691e+000
1.460000000000053e-004	-1.921910e+000
1.470000000000053e-004	-1.929125e+000
1.480000000000053e-004	-1.936335e+000
1.490000000000053e-004	-1.943541e+000
1.500000000000053e-004	-1.950742e+000
1.510000000000053e-004	-1.957940e+000
1.520000000000053e-004	-1.965134e+000
1.530000000000053e-004	-1.972323e+000
1.540000000000053e-004	-1.979509e+000
1.550000000000053e-004	-1.986691e+000
1.560000000000053e-004	-1.993868e+000
1.570000000000053e-004	-2.001043e+000
1.580000000000053e-004	-2.008213e+000
1.590000000000053e-004	-2.015379e+000
1.600000000000053e-004	-2.022542e+000
1.610000000000053e-004	-2.029702e+000
1.620000000000053e-004	-2.036858e+000
1.630000000000053e-004	-2.044010e+000
1.640000000000053e-004	-2.051159e+000
1.650000000000053e-004	-2.058304e+000
1.660000000000053e-004	-2.065446e+000
1.670000000000053e-004	-2.072585e+000
1.680000000000053e-004	-2.079720e+000
1.690000000000053e-004	-2.086852e+000
1.700000000000052e-004	-2.093981e+000
1.710000000000052e-004	-2.101106e+000
1.720000000000052e-004	-2.108229e+000
1.730000000000052e-004	-2.115348e+000
1.740000000000052e-004	-2.122465e+000
1.750000000000052e-004	-2.129578e+000
1.760000000000052e-004	-2.136688e+000
1.770000000000052e-004	-2.143795e+000
1.780000000000052e-004	-2.150900e+000
1.790000000000052e-004	-2.158001e+000
1.800000000000052e-004	-2.165100e+000
1.810000000000052e-004	-2.172195e+000
1.820000000000052e-004	-2.179288e+000
1.830000000000052e-004	-2.186378e+000
1.840000000000052e-004	-2.193466e+000
1.850000000000052e-004	-2.200551e+000
1.860000000000052e-004	-2.207633e+000
1.870000000000052e-004	-2.214712e+000
1.880000000000052e-004	-2.221789e+000
1.890000000000052e-004	-2.228863e+000
1.900000000000052e-004	-2.235934e+000
1.910000000000052e-004	-2.243004e+000
1.920000000000052e-004	-2.250070e+000
1.930000000000052e-004	-2.257134e+000
1.940000000000052e-004	-2.264196e+000
1.950000000000052e-004	-2.271255e+000
1.960000000000052e-004	-2.278311e+000
1.970000000000052e-004	-2.285366e+000
1.980000000000052e-004	-2.292418e+000
1.990000000000052e-004	-2.299468e+000
2.000000000000052e-004	-2.306515e+000
2.010000000000052e-004	-2.313560e+000
2.020000000000052e-004	-2.320603e+000
2.030000000000052e-004	-2.327643e+000
2.040000000000052e-004	-2.334682e+000
2.050000000000052e-004	-2.341718e+000
2.060000000000051e-004	-2.348752e+000
2.070000000000051e-004	-2.355783e+000
2.080000000000051e-004	-2.362813e+000
2.090000000000051e-004	-2.369841e+000
2.100000000000051e-004	-2.376866e+000
2.110000000000051e-004	-2.383889e+000
2.120000000000051e-004	-2.390106e+000
2.130000000000051e-004	-2.394054e+000
2.140000000000051e-004	-2.397107e+000
2.150000000000051e-004	-2.399678e+000
2.160000000000051e-004	-2.401942e+000
2.170000000000051e-004	-2.403986e+000
2.180000000000051e-004	-2.405861e+000
2.190000000000051e-004	-2.407603e+000
2.200000000000051e-004	-2.409234e+000
2.210000000000051e-004	-2.410816e+000
2.220000000000051e-004	-2.412268e+000
2.230000000000051e-004	-2.413655e+000
2.240000000000051e-004	-2.414981e+000
2.250000000000051e-004	-2.416254e+000
2.260000000000051e-004	-2.417479e+000
2.270000000000051e-004	-2.418660e+000
2.280000000000051e-004	-2.419801e+000
2.290000000000051e-004	-2.420904e+000
2.300000000000051e-004	-2.421974e+000
2.310000000000051e-004	-2.423012e+000
2.320000000000051e-004	-2.424020e+000
2.330000000000051e-004	-2.425001e+000
2.340000000000051e-004	-2.425956e+000
2.350000000000051e-004	-2.426886e+000
2.360000000000051e-004	-2.427792e+000
2.370000000000051e-004	-2.428677e+000
2.380000000000051e-004	-2.429540e+000
2.390000000000051e-004	-2.430384e+000
2.400000000000051e-004	-2.431208e+000
2.410000000000050e-004	-2.432014e+000
2.420000000000050e-004	-2.432802e+000
2.430000000000050e-004	-2.433573e+000
2.440000000000050e-004	-2.434327e+000
2.450000000000050e-004	-2.435066e+000
2.460000000000051e-004	-2.435790e+000
2.470000000000051e-004	-2.436499e+000
2.480000000000051e-004	-2.437193e+000
2.490000000000051e-004	-2.437874e+000
2.500000000000052e-004	-2.438541e+000
2.510000000000052e-004	-2.439195e+000
2.520000000000052e-004	-2.439836e+000
2.530000000000052e-004	-2.440465e+000
2.540000000000053e-004	-2.441081e+000
2.550000000000053e-004	-2.441686e+000
2.560000000000053e-004	-2.442279e+000
2.570000000000053e-004	-2.442861e+000
2.580000000000054e-004	-2.443432e+000
2.590000000000054e-004	-2.443992e+000
2.600000000000054e-004	-2.444541e+000
2.610000000000054e-004	-2.445080e+000
2.620000000000055e-004	-2.445609e+000
2.630000000000055e-004	-2.446128e+000
2.640000000000055e-004	-2.446637e+000
2.650000000000055e-004	-2.447136e+000
2.660000000000055e-004	-2.447626e+000
2.670000000000056e-004	-2.448107e+000
2.680000000000056e-004	-2.448579e+000
2.690000000000056e-004	-2.449042e+000
2.700000000000056e-004	-2.449496e+000
2.710000000000057e-004	-2.449941e+000
2.720000000000057e-004	-2.450377e+000
2.730000000000057e-004	-2.450806e+000
2.740000000000057e-004	-2.451226e+000
2.750000000000058e-004	-2.451638e+000
2.760000000000058e-004	-2.452042e+000
2.770000000000058e-004	-2.452438e+000
2.780000000000058e-004	-2.452827e+000
2.790000000000059e-004	-2.453208e+000
2.800000000000059e-004	-2.453581e+000
2.810000000000059e-004	-2.453947e+000
2.820000000000059e-004	-2.454306e+000
2.830000000000060e-004	-2.454657e+000
2.840000000000060e-004	-2.455002e+000
2.850000000000060e-004	-2.455339e+000
2.860000000000060e-004	-2.455670e+000
2.870000000000061e-004	-2.455994e+000
2.880000000000061e-004	-2.456311e+000
2.890000000000061e-004	-2.456622e+000
2.900000000000061e-004	-2.456926e+000
2.910000000000062e-004	-2.457224e+000
2.920000000000062e-004	-2.457516e+000
2.930000000000062e-004	-2.457802e+000
2.940000000000062e-004	-2.458081e+000
2.950000000000063e-004	-2.458354e+000
2.960000000000063e-004	-2.458622e+000
2.970000000000063e-004	-2.458884e+000
2.980000000000063e-004	-2.459139e+000
2.990000000000064e-004	-2.459390e+000
3.000000000000064e-004	-2.459635e+000
3.010000000000064e-004	-2.459874e+000
3.020000000000064e-004	-2.460108e+000
3.030000000000064e-004	-2.460336e+000
3.040000000000065e-004	-2.460560e+000
3.050000000000065e-004	-2.460778e+000
3.060000000000065e-004	-2.460991e+000
3.070000000000065e-004	-2.461199e+000
3.080000000000066e-004	-2.461402e+000
3.090000000000066e-004	-2.461600e+000
3.100000000000066e-004	-2.461794e+000
3.110000000000066e-004	-2.461983e+000
3.120000000000067e-004	-2.462167e+000
3.130000000000067e-004	-2.462347e+000
3.140000000000067e-004	-2.462522e+000
3.150000000000067e-004	-2.462693e+000
3.160000000000068e-004	-2.462859e+000
3.170000000000068e-004	-2.463021e+000
3.180000000000068e-004	-2.463179e+000
3.190000000000068e-004	-2.463333e+000
3.200000000000069e-004	-2.463483e+000
3.210000000000069e-004	-2.463629e+000
3.220000000000069e-004	-2.463771e+000
3.230000000000069e-004	-2.463909e+000
3.240000000000070e-004	-2.464043e+000
3.250000000000070e-004	-2.464173e+000
3.260000000000070e-004	-2.464300e+000
3.270000000000070e-004	-2.464423e+000
3.280000000000071e-004	-2.464543e+000
3.290000000000071e-004	-2.464659e+000
3.300000000000071e-004	-2.464772e+000
3.310000000000071e-004	-2.464881e+000
3.320000000000072e-004	-2.464987e+000
3.330000000000072e-004	-2.465090e+000
3.340000000000072e-004	-2.465189e+000
3.350000000000072e-004	-2.465286e+000
3.360000000000073e-004	-2.465379e+000
3.370000000000073e-004	-2.465469e+000
3.380000000000073e-004	-2.465556e+000
3.390000000000073e-004	-2.465641e+000
3.400000000000073e-004	-2.465722e+000
3.410000000000074e-004	-2.465801e+000
3.420000000000074e-004	-2.465876e+000
3.430000000000074e-004	-2.465950e+000
3.440000000000074e-004	-2.466020e+000
3.450000000000075e-004	-2.466088e+000
3.460000000000075e-004	-2.466153e+000
3.470000000000075e-004	-2.466215e+000
3.480000000000075e-004	-2.466275e+000
3.490000000000076e-004	-2.466333e+000
3.500000000000076e-004	-2.466388e+000
3.510000000000076e-004	-2.466441e+000
3.520000000000076e-004	-2.466492e+000
3.530000000000077e-004	-2.466540e+000
3.540000000000077e-004	-2.466587e+000
3.550000000000077e-004	-2.466630e+000
3.560000000000077e-004	-2.466672e+000
3.570000000000078e-004	-2.466712e+000
3.580000000000078e-004	-2.466749e+000
3.590000000000078e-004	-2.466785e+000
3.600000000000078e-004	-2.466819e+000
3.610000000000079e-004	-2.466850e+000
3.620000000000079e-004	-2.466880e+000
3.630000000000079e-004	-2.466908e+000
3.640000000000079e-004	-2.466934e+000
3.650000000000080e-004	-2.466958e+000
3.660000000000080e-004	-2.466980e+000
3.670000000000080e-004	-2.467001e+000
3.680000000000080e-004	-2.467020e+000
3.690000000000081e-004	-2.467037e+000
3.700000000000081e-004	-2.467053e+000
3.710000000000081e-004	-2.467067e+000
3.720000000000081e-004	-2.467079e+000
3.730000000000081e-004	-2.467090e+000
3.740000000000082e-004	-2.467100e+000
3.750000000000082e-004	-2.467108e+000
3.760000000000082e-004	-2.467114e+000
3.770000000000082e-004	-2.467119e+000
3.780000000000083e-004	-2.467123e+000
3.790000000000083e-004	-2.467125e+000
3.800000000000083e-004	-2.467126e+000
3.810000000000083e-004	-2.467126e+000
3.820000000000084e-004	-2.467124e+000
3.830000000000084e-004	-2.467121e+000
3.840000000000084e-004	-2.467117e+000
3.850000000000084e-004	-2.467111e+000
3.860000000000085e-004	-2.467105e+000
3.870000000000085e-004	-2.467097e+000
3.880000000000085e-004	-2.467088e+000
3.890000000000085e-004	-2.467078e+000
3.900000000000086e-004	-2.467067e+000
3.910000000000086e-004	-2.467055e+000
3.920000000000086e-004	-2.467041e+000
3.930000000000086e-004	-2.467027e+000
3.940000000000087e-004	-2.467012e+000
3.950000000000087e-004	-2.466995e+000
3.960000000000087e-004	-2.466978e+000
3.970000000000087e-004	-2.466960e+000
3.980000000000088e-004	-2.466941e+000
3.990000000000088e-004	-2.466921e+000
4.000000000000088e-004	-2.466900e+000
4.010000000000088e-004	-2.466878e+000
4.020000000000089e-004	-2.466856e+000
4.030000000000089e-004	-2.466832e+000
4.040000000000089e-004	-2.466808e+000
4.050000000000089e-004	-2.466783e+000
4.060000000000090e-004	-2.466757e+000
4.070000000000090e-004	-2.466730e+000
4.080000000000090e-004	-2.466702e+000
4.090000000000090e-004	-2.466674e+000
4.100000000000090e-004	-2.466645e+000
4.110000000000091e-004	-2.466616e+000
4.120000000000091e-004	-2.466585e+000
4.130000000000091e-004	-2.466554e+000
4.140000000000091e-004	-2.466522e+000
4.150000000000092e-004	-2.466490e+000
4.160000000000092e-004	-2.466457e+000
4.170000000000092e-004	-2.466424e+000
4.180000000000092e-004	-2.466389e+000
4.190000000000093e-004	-2.466355e+000
4.200000000000093e-004	-2.466319e+000
4.210000000000093e-004	-2.466283e+000
4.220000000000093e-004	-2.466247e+000
4.230000000000094e-004	-2.466209e+000
4.240000000000094e-004	-2.466172e+000
4.250000000000094e-004	-2.466134e+000
4.260000000000094e-004	-2.466095e+000
4.270000000000095e-004	-2.466056e+000
4.280000000000095e-004	-2.466016e+000
4.290000000000095e-004	-2.465976e+000
4.300000000000095e-004	-2.465935e+000
4.310000000000096e-004	-2.465894e+000
4.320000000000096e-004	-2.465852e+000
4.330000000000096e-004	-2.465811e+000
4.340000000000096e-004	-2.465768e+000
4.350000000000097e-004	-2.465725e+000
4.360000000000097e-004	-2.465682e+000
4.370000000000097e-004	-2.465638e+000
4.380000000000097e-004	-2.465594e+000
4.390000000000098e-004	-2.465549e+000
4.400000000000098e-004	-2.465505e+000
4.410000000000098e-004	-2.465459e+000
4.420000000000098e-004	-2.465414e+000
4.430000000000099e-004	-2.465368e+000
4.440000000000099e-004	-2.465321e+000
4.450000000000099e-004	-2.465275e+000
4.460000000000099e-004	-2.465228e+000
4.470000000000099e-004	-2.465180e+000
4.480000000000100e-004	-2.465132e+000
4.490000000000100e-004	-2.465085e+000
4.500000000000100e-004	-2.465036e+000
4.510000000000100e-004	-2.464988e+000
4.520000000000101e-004	-2.464939e+000
4.530000000000101e-004	-2.464890e+000
4.540000000000101e-004	-2.464840e+000
4.550000000000101e-004	-2.464790e+000
4.560000000000102e-004	-2.464740e+000
4.570000000000102e-004	-2.464690e+000
4.580000000000102e-004	-2.464639e+000
4.590000000000102e-004	-2.464588e+000
4.600000000000103e-004	-2.464537e+000
4.610000000000103e-004	-2.464486e+000
4.620000000000103e-004	-2.464434e+000
4.630000000000103e-004	-2.464383e+000
4.640000000000104e-004	-2.464331e+000
4.650000000000104e-004	-2.464278e+000
4.660000000000104e-004	-2.464226e+000
4.670000000000104e-004	-2.464173e+000
4.680000000000105e-004	-2.464120e+000
4.690000000000105e-004	-2.464067e+000
4.700000000000105e-004	-2.464014e+000
4.710000000000105e-004	-2.463960e+000
4.720000000000106e-004	-2.463907e+000
4.730000000000106e-004	-2.463853e+000
4.740000000000106e-004	-2.463799e+000
4.750000000000106e-004	-2.463744e+000
4.760000000000107e-004	-2.463690e+000
4.770000000000107e-004	-2.463635e+000
4.780000000000107e-004	-2.463581e+000
4.790000000000107e-004	-2.463526e+000
4.800000000000108e-004	-2.463471e+000
4.810000000000108e-004	-2.463415e+000
4.820000000000108e-004	-2.463360e+000
4.830000000000108e-004	-2.463304e+000
4.840000000000108e-004	-2.463249e+000
4.850000000000109e-004	-2.463193e+000
4.860000000000109e-004	-2.463137e+000
4.870000000000109e-004	-2.463081e+000
4.880000000000109e-004	-2.463024e+000
4.890000000000109e-004	-2.462968e+000
4.900000000000109e-004	-2.462911e+000
4.910000000000110e-004	-2.462855e+000
4.920000000000110e-004	-2.462798e+000
4.930000000000110e-004	-2.462741e+000
4.940000000000110e-004	-2.462684e+000
4.950000000000111e-004	-2.462627e+000
4.960000000000111e-004	-2.462569e+000
4.970000000000111e-004	-2.462512e+000
4.980000000000111e-004	-2.462455e+000
4.990000000000112e-004	-2.462397e+000
5.000000000000000e-004	-2.462339e+000
