i01	V(vhd)
-5.000000000000000e-004	6.098981e-001
-4.990000000000000e-004	6.098996e-001
-4.980000000000000e-004	6.099012e-001
-4.969999999999999e-004	6.099027e-001
-4.959999999999999e-004	6.099042e-001
-4.949999999999999e-004	6.099058e-001
-4.939999999999999e-004	6.099073e-001
-4.929999999999998e-004	6.099089e-001
-4.919999999999998e-004	6.099104e-001
-4.909999999999998e-004	6.099119e-001
-4.899999999999998e-004	6.099135e-001
-4.889999999999997e-004	6.099150e-001
-4.879999999999997e-004	6.099166e-001
-4.869999999999997e-004	6.099181e-001
-4.859999999999997e-004	6.099196e-001
-4.849999999999997e-004	6.099212e-001
-4.839999999999996e-004	6.099227e-001
-4.829999999999996e-004	6.099243e-001
-4.819999999999996e-004	6.099258e-001
-4.809999999999996e-004	6.099273e-001
-4.799999999999995e-004	6.099288e-001
-4.789999999999995e-004	6.099304e-001
-4.779999999999995e-004	6.099319e-001
-4.769999999999995e-004	6.099335e-001
-4.759999999999994e-004	6.099350e-001
-4.749999999999994e-004	6.099365e-001
-4.739999999999994e-004	6.099381e-001
-4.729999999999994e-004	6.099396e-001
-4.719999999999993e-004	6.099411e-001
-4.709999999999993e-004	6.099427e-001
-4.699999999999993e-004	6.099442e-001
-4.689999999999993e-004	6.099458e-001
-4.679999999999992e-004	6.099473e-001
-4.669999999999992e-004	6.099488e-001
-4.659999999999992e-004	6.099504e-001
-4.649999999999992e-004	6.099519e-001
-4.639999999999991e-004	6.099535e-001
-4.629999999999991e-004	6.099550e-001
-4.619999999999991e-004	6.099565e-001
-4.609999999999991e-004	6.099581e-001
-4.599999999999990e-004	6.099596e-001
-4.589999999999990e-004	6.099612e-001
-4.579999999999990e-004	6.099626e-001
-4.569999999999990e-004	6.099642e-001
-4.559999999999989e-004	6.099657e-001
-4.549999999999989e-004	6.099673e-001
-4.539999999999989e-004	6.099688e-001
-4.529999999999989e-004	6.099703e-001
-4.519999999999988e-004	6.099719e-001
-4.509999999999988e-004	6.099734e-001
-4.499999999999988e-004	6.099750e-001
-4.489999999999988e-004	6.099765e-001
-4.479999999999988e-004	6.099780e-001
-4.469999999999987e-004	6.099796e-001
-4.459999999999987e-004	6.099811e-001
-4.449999999999987e-004	6.099826e-001
-4.439999999999987e-004	6.099842e-001
-4.429999999999986e-004	6.099857e-001
-4.419999999999986e-004	6.099873e-001
-4.409999999999986e-004	6.099887e-001
-4.399999999999986e-004	6.099903e-001
-4.389999999999985e-004	6.099918e-001
-4.379999999999985e-004	6.099934e-001
-4.369999999999985e-004	6.099949e-001
-4.359999999999985e-004	6.099964e-001
-4.349999999999984e-004	6.099980e-001
-4.339999999999984e-004	6.099995e-001
-4.329999999999984e-004	6.100011e-001
-4.319999999999984e-004	6.100026e-001
-4.309999999999983e-004	6.100041e-001
-4.299999999999983e-004	6.100057e-001
-4.289999999999983e-004	6.100072e-001
-4.279999999999983e-004	6.100087e-001
-4.269999999999982e-004	6.100103e-001
-4.259999999999982e-004	6.100118e-001
-4.249999999999982e-004	6.100134e-001
-4.239999999999982e-004	6.100149e-001
-4.229999999999981e-004	6.100164e-001
-4.219999999999981e-004	6.100180e-001
-4.209999999999981e-004	6.100194e-001
-4.199999999999981e-004	6.100210e-001
-4.189999999999980e-004	6.100225e-001
-4.179999999999980e-004	6.100241e-001
-4.169999999999980e-004	6.100256e-001
-4.159999999999980e-004	6.100271e-001
-4.149999999999979e-004	6.100287e-001
-4.139999999999979e-004	6.100302e-001
-4.129999999999979e-004	6.100317e-001
-4.119999999999979e-004	6.100333e-001
-4.109999999999979e-004	6.100348e-001
-4.099999999999978e-004	6.100363e-001
-4.089999999999978e-004	6.100379e-001
-4.079999999999978e-004	6.100394e-001
-4.069999999999978e-004	6.100410e-001
-4.059999999999977e-004	6.100425e-001
-4.049999999999977e-004	6.100440e-001
-4.039999999999977e-004	6.100456e-001
-4.029999999999977e-004	6.100470e-001
-4.019999999999976e-004	6.100486e-001
-4.009999999999976e-004	6.100501e-001
-3.999999999999976e-004	6.100517e-001
-3.989999999999976e-004	6.100532e-001
-3.979999999999975e-004	6.100547e-001
-3.969999999999975e-004	6.100563e-001
-3.959999999999975e-004	6.100578e-001
-3.949999999999975e-004	6.100593e-001
-3.939999999999974e-004	6.100609e-001
-3.929999999999974e-004	6.100624e-001
-3.919999999999974e-004	6.100639e-001
-3.909999999999974e-004	6.100655e-001
-3.899999999999973e-004	6.100670e-001
-3.889999999999973e-004	6.100685e-001
-3.879999999999973e-004	6.100700e-001
-3.869999999999973e-004	6.100715e-001
-3.859999999999972e-004	6.100731e-001
-3.849999999999972e-004	6.100746e-001
-3.839999999999972e-004	6.100761e-001
-3.829999999999972e-004	6.100777e-001
-3.819999999999971e-004	6.100792e-001
-3.809999999999971e-004	6.100807e-001
-3.799999999999971e-004	6.100822e-001
-3.789999999999971e-004	6.100838e-001
-3.779999999999970e-004	6.100852e-001
-3.769999999999970e-004	6.100868e-001
-3.759999999999970e-004	6.100883e-001
-3.749999999999970e-004	6.100898e-001
-3.739999999999970e-004	6.100913e-001
-3.729999999999969e-004	6.100929e-001
-3.719999999999969e-004	6.100944e-001
-3.709999999999969e-004	6.100959e-001
-3.699999999999969e-004	6.100974e-001
-3.689999999999968e-004	6.100990e-001
-3.679999999999968e-004	6.101004e-001
-3.669999999999968e-004	6.101019e-001
-3.659999999999968e-004	6.101035e-001
-3.649999999999967e-004	6.101050e-001
-3.639999999999967e-004	6.101065e-001
-3.629999999999967e-004	6.101080e-001
-3.619999999999967e-004	6.101094e-001
-3.609999999999966e-004	6.101110e-001
-3.599999999999966e-004	6.101125e-001
-3.589999999999966e-004	6.101140e-001
-3.579999999999966e-004	6.101155e-001
-3.569999999999965e-004	6.101170e-001
-3.559999999999965e-004	6.101184e-001
-3.549999999999965e-004	6.101199e-001
-3.539999999999965e-004	6.101214e-001
-3.529999999999964e-004	6.101229e-001
-3.519999999999964e-004	6.101243e-001
-3.509999999999964e-004	6.101258e-001
-3.499999999999964e-004	6.101273e-001
-3.489999999999963e-004	6.101287e-001
-3.479999999999963e-004	6.101301e-001
-3.469999999999963e-004	6.101316e-001
-3.459999999999963e-004	6.101331e-001
-3.449999999999962e-004	6.101345e-001
-3.439999999999962e-004	6.101359e-001
-3.429999999999962e-004	6.101373e-001
-3.419999999999962e-004	6.101387e-001
-3.409999999999962e-004	6.101401e-001
-3.399999999999961e-004	6.101415e-001
-3.389999999999961e-004	6.101428e-001
-3.379999999999961e-004	6.101442e-001
-3.369999999999961e-004	6.101456e-001
-3.359999999999960e-004	6.101469e-001
-3.349999999999960e-004	6.101482e-001
-3.339999999999960e-004	6.101495e-001
-3.329999999999960e-004	6.101508e-001
-3.319999999999959e-004	6.101521e-001
-3.309999999999959e-004	6.101533e-001
-3.299999999999959e-004	6.101545e-001
-3.289999999999959e-004	6.101557e-001
-3.279999999999958e-004	6.101569e-001
-3.269999999999958e-004	6.101580e-001
-3.259999999999958e-004	6.101592e-001
-3.249999999999958e-004	6.101602e-001
-3.239999999999957e-004	6.101612e-001
-3.229999999999957e-004	6.101623e-001
-3.219999999999957e-004	6.101632e-001
-3.209999999999957e-004	6.101641e-001
-3.199999999999956e-004	6.101650e-001
-3.189999999999956e-004	6.101658e-001
-3.179999999999956e-004	6.101665e-001
-3.169999999999956e-004	6.101672e-001
-3.159999999999955e-004	6.101677e-001
-3.149999999999955e-004	6.101683e-001
-3.139999999999955e-004	6.101686e-001
-3.129999999999955e-004	6.101690e-001
-3.119999999999954e-004	6.101692e-001
-3.109999999999954e-004	6.101692e-001
-3.099999999999954e-004	6.101691e-001
-3.089999999999954e-004	6.101689e-001
-3.079999999999953e-004	6.101684e-001
-3.069999999999953e-004	6.101678e-001
-3.059999999999953e-004	6.101671e-001
-3.049999999999953e-004	6.101664e-001
-3.039999999999953e-004	6.101656e-001
-3.029999999999952e-004	6.101647e-001
-3.019999999999952e-004	6.101638e-001
-3.009999999999952e-004	6.101627e-001
-2.999999999999952e-004	6.101617e-001
-2.989999999999951e-004	6.101605e-001
-2.979999999999951e-004	6.101592e-001
-2.969999999999951e-004	6.101578e-001
-2.959999999999951e-004	6.101564e-001
-2.949999999999950e-004	6.101549e-001
-2.939999999999950e-004	6.101533e-001
-2.929999999999950e-004	6.101515e-001
-2.919999999999950e-004	6.101497e-001
-2.909999999999949e-004	6.101478e-001
-2.899999999999949e-004	6.101457e-001
-2.889999999999949e-004	6.101437e-001
-2.879999999999949e-004	6.101414e-001
-2.869999999999948e-004	6.101390e-001
-2.859999999999948e-004	6.101366e-001
-2.849999999999948e-004	6.101339e-001
-2.839999999999948e-004	6.101313e-001
-2.829999999999947e-004	6.101284e-001
-2.819999999999947e-004	6.101254e-001
-2.809999999999947e-004	6.101223e-001
-2.799999999999947e-004	6.101190e-001
-2.789999999999946e-004	6.101156e-001
-2.779999999999946e-004	6.101121e-001
-2.769999999999946e-004	6.101084e-001
-2.759999999999946e-004	6.101046e-001
-2.749999999999945e-004	6.101006e-001
-2.739999999999945e-004	6.100965e-001
-2.729999999999945e-004	6.100922e-001
-2.719999999999945e-004	6.100877e-001
-2.709999999999944e-004	6.100830e-001
-2.699999999999944e-004	6.100782e-001
-2.689999999999944e-004	6.100732e-001
-2.679999999999944e-004	6.100680e-001
-2.669999999999944e-004	6.100626e-001
-2.659999999999943e-004	6.100571e-001
-2.649999999999943e-004	6.100513e-001
-2.639999999999943e-004	6.100453e-001
-2.629999999999943e-004	6.100391e-001
-2.619999999999942e-004	6.100327e-001
-2.609999999999942e-004	6.100261e-001
-2.599999999999942e-004	6.100193e-001
-2.589999999999942e-004	6.100122e-001
-2.579999999999941e-004	6.100049e-001
-2.569999999999941e-004	6.099973e-001
-2.559999999999941e-004	6.099896e-001
-2.549999999999941e-004	6.099815e-001
-2.539999999999940e-004	6.099733e-001
-2.529999999999940e-004	6.099647e-001
-2.519999999999940e-004	6.099559e-001
-2.509999999999940e-004	6.099468e-001
-2.499999999999939e-004	6.099375e-001
-2.489999999999939e-004	6.099278e-001
-2.479999999999939e-004	6.099179e-001
-2.469999999999939e-004	6.099077e-001
-2.459999999999938e-004	6.098971e-001
-2.449999999999938e-004	6.098863e-001
-2.439999999999938e-004	6.098751e-001
-2.429999999999938e-004	6.098636e-001
-2.419999999999938e-004	6.098518e-001
-2.409999999999938e-004	6.098397e-001
-2.399999999999938e-004	6.098272e-001
-2.389999999999938e-004	6.098143e-001
-2.379999999999938e-004	6.098012e-001
-2.369999999999938e-004	6.097876e-001
-2.359999999999938e-004	6.097736e-001
-2.349999999999938e-004	6.097593e-001
-2.339999999999938e-004	6.097445e-001
-2.329999999999939e-004	6.097294e-001
-2.319999999999939e-004	6.097139e-001
-2.309999999999939e-004	6.096978e-001
-2.299999999999939e-004	6.096814e-001
-2.289999999999939e-004	6.096644e-001
-2.279999999999939e-004	6.096471e-001
-2.269999999999939e-004	6.096292e-001
-2.259999999999939e-004	6.096109e-001
-2.249999999999939e-004	6.095920e-001
-2.239999999999939e-004	6.095726e-001
-2.229999999999939e-004	6.095526e-001
-2.219999999999939e-004	6.095320e-001
-2.209999999999939e-004	6.095108e-001
-2.199999999999939e-004	6.094890e-001
-2.189999999999939e-004	6.094666e-001
-2.179999999999939e-004	6.094434e-001
-2.169999999999939e-004	6.094195e-001
-2.159999999999939e-004	6.093948e-001
-2.149999999999939e-004	6.093693e-001
-2.139999999999939e-004	6.093429e-001
-2.129999999999939e-004	6.093156e-001
-2.119999999999939e-004	6.092873e-001
-2.109999999999939e-004	6.092578e-001
-2.099999999999939e-004	6.092272e-001
-2.089999999999939e-004	6.091952e-001
-2.079999999999939e-004	6.091619e-001
-2.069999999999939e-004	6.091268e-001
-2.059999999999939e-004	6.090899e-001
-2.049999999999939e-004	6.090498e-001
-2.039999999999939e-004	6.090081e-001
-2.029999999999939e-004	6.089635e-001
-2.019999999999939e-004	6.089151e-001
-2.009999999999939e-004	6.088621e-001
-1.999999999999939e-004	6.088029e-001
-1.989999999999939e-004	6.087348e-001
-1.979999999999939e-004	6.086523e-001
-1.969999999999940e-004	6.085393e-001
-1.959999999999940e-004	6.083583e-001
-1.949999999999940e-004	6.081676e-001
-1.939999999999940e-004	6.079763e-001
-1.929999999999940e-004	6.077840e-001
-1.919999999999940e-004	6.075909e-001
-1.909999999999940e-004	6.073970e-001
-1.899999999999940e-004	6.072022e-001
-1.889999999999940e-004	6.070066e-001
-1.879999999999940e-004	6.068102e-001
-1.869999999999940e-004	6.066128e-001
-1.859999999999940e-004	6.064146e-001
-1.849999999999940e-004	6.062154e-001
-1.839999999999940e-004	6.060154e-001
-1.829999999999940e-004	6.058145e-001
-1.819999999999940e-004	6.056127e-001
-1.809999999999940e-004	6.054099e-001
-1.799999999999940e-004	6.052063e-001
-1.789999999999940e-004	6.050016e-001
-1.779999999999940e-004	6.047960e-001
-1.769999999999940e-004	6.045895e-001
-1.759999999999940e-004	6.043820e-001
-1.749999999999940e-004	6.041735e-001
-1.739999999999940e-004	6.039640e-001
-1.729999999999940e-004	6.037535e-001
-1.719999999999940e-004	6.035420e-001
-1.709999999999940e-004	6.033295e-001
-1.699999999999940e-004	6.031160e-001
-1.689999999999940e-004	6.029014e-001
-1.679999999999940e-004	6.026857e-001
-1.669999999999940e-004	6.024691e-001
-1.659999999999940e-004	6.022513e-001
-1.649999999999940e-004	6.020325e-001
-1.639999999999940e-004	6.018125e-001
-1.629999999999940e-004	6.015915e-001
-1.619999999999940e-004	6.013693e-001
-1.609999999999941e-004	6.011460e-001
-1.599999999999941e-004	6.009215e-001
-1.589999999999941e-004	6.006959e-001
-1.579999999999941e-004	6.004691e-001
-1.569999999999941e-004	6.002411e-001
-1.559999999999941e-004	6.000120e-001
-1.549999999999941e-004	5.997816e-001
-1.539999999999941e-004	5.995500e-001
-1.529999999999941e-004	5.993171e-001
-1.519999999999941e-004	5.990831e-001
-1.509999999999941e-004	5.988477e-001
-1.499999999999941e-004	5.986111e-001
-1.489999999999941e-004	5.983731e-001
-1.479999999999941e-004	5.981339e-001
-1.469999999999941e-004	5.978932e-001
-1.459999999999941e-004	5.976513e-001
-1.449999999999941e-004	5.974081e-001
-1.439999999999941e-004	5.971634e-001
-1.429999999999941e-004	5.969173e-001
-1.419999999999941e-004	5.966699e-001
-1.409999999999941e-004	5.964209e-001
-1.399999999999941e-004	5.961705e-001
-1.389999999999941e-004	5.959188e-001
-1.379999999999941e-004	5.956655e-001
-1.369999999999941e-004	5.954106e-001
-1.359999999999941e-004	5.951543e-001
-1.349999999999941e-004	5.948964e-001
-1.339999999999941e-004	5.946370e-001
-1.329999999999941e-004	5.943760e-001
-1.319999999999941e-004	5.941134e-001
-1.309999999999941e-004	5.938492e-001
-1.299999999999941e-004	5.935833e-001
-1.289999999999941e-004	5.933157e-001
-1.279999999999941e-004	5.930465e-001
-1.269999999999941e-004	5.927755e-001
-1.259999999999942e-004	5.925028e-001
-1.249999999999942e-004	5.922284e-001
-1.239999999999942e-004	5.919521e-001
-1.229999999999942e-004	5.916740e-001
-1.219999999999942e-004	5.913941e-001
-1.209999999999942e-004	5.911123e-001
-1.199999999999942e-004	5.908287e-001
-1.189999999999942e-004	5.905430e-001
-1.179999999999942e-004	5.902555e-001
-1.169999999999942e-004	5.899660e-001
-1.159999999999942e-004	5.896744e-001
-1.149999999999942e-004	5.893809e-001
-1.139999999999942e-004	5.890852e-001
-1.129999999999942e-004	5.887874e-001
-1.119999999999942e-004	5.884876e-001
-1.109999999999942e-004	5.881855e-001
-1.099999999999942e-004	5.878812e-001
-1.089999999999942e-004	5.875747e-001
-1.079999999999942e-004	5.872659e-001
-1.069999999999942e-004	5.869548e-001
-1.059999999999942e-004	5.866414e-001
-1.049999999999942e-004	5.863255e-001
-1.039999999999942e-004	5.860072e-001
-1.029999999999942e-004	5.856864e-001
-1.019999999999942e-004	5.853631e-001
-1.009999999999942e-004	5.850373e-001
-9.999999999999422e-005	5.847089e-001
-9.899999999999422e-005	5.843777e-001
-9.799999999999422e-005	5.840439e-001
-9.699999999999423e-005	5.837073e-001
-9.599999999999423e-005	5.833680e-001
-9.499999999999423e-005	5.830258e-001
-9.399999999999424e-005	5.826806e-001
-9.299999999999424e-005	5.823326e-001
-9.199999999999424e-005	5.819814e-001
-9.099999999999424e-005	5.816272e-001
-8.999999999999425e-005	5.812699e-001
-8.899999999999425e-005	5.809094e-001
-8.799999999999425e-005	5.805456e-001
-8.699999999999425e-005	5.801784e-001
-8.599999999999426e-005	5.798079e-001
-8.499999999999426e-005	5.794339e-001
-8.399999999999426e-005	5.790563e-001
-8.299999999999427e-005	5.786752e-001
-8.199999999999427e-005	5.782902e-001
-8.099999999999427e-005	5.779015e-001
-7.999999999999427e-005	5.775090e-001
-7.899999999999428e-005	5.771125e-001
-7.799999999999428e-005	5.767120e-001
-7.699999999999428e-005	5.763072e-001
-7.599999999999429e-005	5.758983e-001
-7.499999999999429e-005	5.754850e-001
-7.399999999999429e-005	5.750673e-001
-7.299999999999429e-005	5.746450e-001
-7.199999999999430e-005	5.742180e-001
-7.099999999999430e-005	5.737863e-001
-6.999999999999430e-005	5.733496e-001
-6.899999999999431e-005	5.729079e-001
-6.799999999999431e-005	5.724609e-001
-6.699999999999431e-005	5.720087e-001
-6.599999999999431e-005	5.715510e-001
-6.499999999999432e-005	5.710877e-001
-6.399999999999432e-005	5.706186e-001
-6.299999999999432e-005	5.701435e-001
-6.199999999999432e-005	5.696623e-001
-6.099999999999433e-005	5.691748e-001
-5.999999999999433e-005	5.686807e-001
-5.899999999999433e-005	5.681800e-001
-5.799999999999434e-005	5.676723e-001
-5.699999999999434e-005	5.671574e-001
-5.599999999999434e-005	5.666353e-001
-5.499999999999434e-005	5.661054e-001
-5.399999999999435e-005	5.655676e-001
-5.299999999999435e-005	5.650216e-001
-5.199999999999435e-005	5.644671e-001
-5.099999999999436e-005	5.639039e-001
-4.999999999999436e-005	5.633314e-001
-4.899999999999436e-005	5.627495e-001
-4.799999999999436e-005	5.621577e-001
-4.699999999999437e-005	5.615556e-001
-4.599999999999437e-005	5.609428e-001
-4.499999999999437e-005	5.603188e-001
-4.399999999999438e-005	5.596832e-001
-4.299999999999438e-005	5.590354e-001
-4.199999999999438e-005	5.583748e-001
-4.099999999999438e-005	5.577008e-001
-3.999999999999439e-005	5.570128e-001
-3.899999999999439e-005	5.563101e-001
-3.799999999999439e-005	5.555918e-001
-3.699999999999439e-005	5.548571e-001
-3.599999999999440e-005	5.541051e-001
-3.499999999999440e-005	5.533348e-001
-3.399999999999440e-005	5.525451e-001
-3.299999999999441e-005	5.517349e-001
-3.199999999999441e-005	5.509026e-001
-3.099999999999441e-005	5.500469e-001
-2.999999999999441e-005	5.491661e-001
-2.899999999999441e-005	5.482585e-001
-2.799999999999441e-005	5.473219e-001
-2.699999999999441e-005	5.463539e-001
-2.599999999999441e-005	5.453522e-001
-2.499999999999441e-005	5.443135e-001
-2.399999999999441e-005	5.432345e-001
-2.299999999999441e-005	5.421114e-001
-2.199999999999441e-005	5.409396e-001
-2.099999999999441e-005	5.397137e-001
-1.999999999999440e-005	5.384275e-001
-1.899999999999440e-005	5.370735e-001
-1.799999999999440e-005	5.356428e-001
-1.699999999999440e-005	5.341245e-001
-1.599999999999440e-005	5.325052e-001
-1.499999999999440e-005	5.307680e-001
-1.399999999999440e-005	5.288916e-001
-1.299999999999440e-005	5.268481e-001
-1.199999999999440e-005	5.246007e-001
-1.099999999999440e-005	5.220989e-001
-9.999999999994399e-006	5.192714e-001
-8.999999999994398e-006	5.160137e-001
-7.999999999994397e-006	5.121640e-001
-6.999999999994398e-006	5.074558e-001
-5.999999999994398e-006	5.014120e-001
-4.999999999994398e-006	4.930750e-001
-3.999999999994398e-006	4.798461e-001
-2.999999999994399e-006	4.543921e-001
-1.999999999994399e-006	3.844053e-001
-9.999999999943990e-007	2.138952e-001
5.601005363719061e-018	-1.213728e-012
1.000000000005601e-006	-2.138904e-001
2.000000000005601e-006	-3.844052e-001
3.000000000005601e-006	-4.544123e-001
4.000000000005600e-006	-4.798693e-001
5.000000000005600e-006	-4.930055e-001
6.000000000005600e-006	-5.016930e-001
7.000000000005600e-006	-5.075727e-001
8.000000000005600e-006	-5.121877e-001
9.000000000005601e-006	-5.160223e-001
1.000000000000560e-005	-5.192761e-001
1.100000000000560e-005	-5.221013e-001
1.200000000000560e-005	-5.246020e-001
1.300000000000560e-005	-5.268489e-001
1.400000000000560e-005	-5.288920e-001
1.500000000000560e-005	-5.307683e-001
1.600000000000560e-005	-5.325054e-001
1.700000000000560e-005	-5.341246e-001
1.800000000000560e-005	-5.356429e-001
1.900000000000561e-005	-5.370736e-001
2.000000000000561e-005	-5.384275e-001
2.100000000000561e-005	-5.397137e-001
2.200000000000561e-005	-5.409396e-001
2.300000000000561e-005	-5.421115e-001
2.400000000000561e-005	-5.432345e-001
2.500000000000561e-005	-5.443135e-001
2.600000000000561e-005	-5.453522e-001
2.700000000000561e-005	-5.463539e-001
2.800000000000561e-005	-5.473219e-001
2.900000000000561e-005	-5.482585e-001
3.000000000000561e-005	-5.491661e-001
3.100000000000561e-005	-5.500469e-001
3.200000000000561e-005	-5.509026e-001
3.300000000000561e-005	-5.517349e-001
3.400000000000560e-005	-5.525451e-001
3.500000000000560e-005	-5.533348e-001
3.600000000000560e-005	-5.541051e-001
3.700000000000560e-005	-5.548571e-001
3.800000000000559e-005	-5.555918e-001
3.900000000000559e-005	-5.563101e-001
4.000000000000559e-005	-5.570128e-001
4.100000000000558e-005	-5.577008e-001
4.200000000000558e-005	-5.583748e-001
4.300000000000558e-005	-5.590354e-001
4.400000000000558e-005	-5.596832e-001
4.500000000000557e-005	-5.603188e-001
4.600000000000557e-005	-5.609428e-001
4.700000000000557e-005	-5.615556e-001
4.800000000000557e-005	-5.621577e-001
4.900000000000556e-005	-5.627495e-001
5.000000000000556e-005	-5.633314e-001
5.100000000000556e-005	-5.639039e-001
5.200000000000555e-005	-5.644671e-001
5.300000000000555e-005	-5.650216e-001
5.400000000000555e-005	-5.655676e-001
5.500000000000555e-005	-5.661054e-001
5.600000000000554e-005	-5.666353e-001
5.700000000000554e-005	-5.671574e-001
5.800000000000554e-005	-5.676723e-001
5.900000000000553e-005	-5.681800e-001
6.000000000000553e-005	-5.686807e-001
6.100000000000553e-005	-5.691748e-001
6.200000000000553e-005	-5.696623e-001
6.300000000000553e-005	-5.701435e-001
6.400000000000553e-005	-5.706186e-001
6.500000000000552e-005	-5.710877e-001
6.600000000000552e-005	-5.715510e-001
6.700000000000552e-005	-5.720087e-001
6.800000000000552e-005	-5.724609e-001
6.900000000000551e-005	-5.729079e-001
7.000000000000551e-005	-5.733496e-001
7.100000000000551e-005	-5.737863e-001
7.200000000000550e-005	-5.742180e-001
7.300000000000550e-005	-5.746450e-001
7.400000000000550e-005	-5.750673e-001
7.500000000000550e-005	-5.754850e-001
7.600000000000549e-005	-5.758983e-001
7.700000000000549e-005	-5.763072e-001
7.800000000000549e-005	-5.767120e-001
7.900000000000549e-005	-5.771125e-001
8.000000000000548e-005	-5.775090e-001
8.100000000000548e-005	-5.779015e-001
8.200000000000548e-005	-5.782902e-001
8.300000000000547e-005	-5.786752e-001
8.400000000000547e-005	-5.790563e-001
8.500000000000547e-005	-5.794339e-001
8.600000000000547e-005	-5.798079e-001
8.700000000000546e-005	-5.801784e-001
8.800000000000546e-005	-5.805456e-001
8.900000000000546e-005	-5.809094e-001
9.000000000000545e-005	-5.812699e-001
9.100000000000545e-005	-5.816272e-001
9.200000000000545e-005	-5.819814e-001
9.300000000000545e-005	-5.823326e-001
9.400000000000544e-005	-5.826806e-001
9.500000000000544e-005	-5.830258e-001
9.600000000000544e-005	-5.833680e-001
9.700000000000543e-005	-5.837073e-001
9.800000000000543e-005	-5.840439e-001
9.900000000000543e-005	-5.843777e-001
1.000000000000054e-004	-5.847089e-001
1.010000000000054e-004	-5.850373e-001
1.020000000000054e-004	-5.853631e-001
1.030000000000054e-004	-5.856864e-001
1.040000000000054e-004	-5.860072e-001
1.050000000000054e-004	-5.863255e-001
1.060000000000054e-004	-5.866414e-001
1.070000000000054e-004	-5.869548e-001
1.080000000000054e-004	-5.872659e-001
1.090000000000054e-004	-5.875747e-001
1.100000000000054e-004	-5.878812e-001
1.110000000000054e-004	-5.881855e-001
1.120000000000054e-004	-5.884876e-001
1.130000000000054e-004	-5.887874e-001
1.140000000000054e-004	-5.890852e-001
1.150000000000054e-004	-5.893809e-001
1.160000000000054e-004	-5.896744e-001
1.170000000000054e-004	-5.899660e-001
1.180000000000054e-004	-5.902555e-001
1.190000000000054e-004	-5.905430e-001
1.200000000000054e-004	-5.908287e-001
1.210000000000054e-004	-5.911123e-001
1.220000000000054e-004	-5.913941e-001
1.230000000000054e-004	-5.916740e-001
1.240000000000054e-004	-5.919521e-001
1.250000000000054e-004	-5.922284e-001
1.260000000000054e-004	-5.925028e-001
1.270000000000054e-004	-5.927755e-001
1.280000000000054e-004	-5.930465e-001
1.290000000000054e-004	-5.933157e-001
1.300000000000054e-004	-5.935833e-001
1.310000000000054e-004	-5.938492e-001
1.320000000000054e-004	-5.941134e-001
1.330000000000054e-004	-5.943760e-001
1.340000000000053e-004	-5.946370e-001
1.350000000000053e-004	-5.948964e-001
1.360000000000053e-004	-5.951543e-001
1.370000000000053e-004	-5.954106e-001
1.380000000000053e-004	-5.956655e-001
1.390000000000053e-004	-5.959188e-001
1.400000000000053e-004	-5.961705e-001
1.410000000000053e-004	-5.964209e-001
1.420000000000053e-004	-5.966699e-001
1.430000000000053e-004	-5.969173e-001
1.440000000000053e-004	-5.971634e-001
1.450000000000053e-004	-5.974081e-001
1.460000000000053e-004	-5.976513e-001
1.470000000000053e-004	-5.978932e-001
1.480000000000053e-004	-5.981339e-001
1.490000000000053e-004	-5.983731e-001
1.500000000000053e-004	-5.986111e-001
1.510000000000053e-004	-5.988477e-001
1.520000000000053e-004	-5.990831e-001
1.530000000000053e-004	-5.993171e-001
1.540000000000053e-004	-5.995500e-001
1.550000000000053e-004	-5.997816e-001
1.560000000000053e-004	-6.000120e-001
1.570000000000053e-004	-6.002411e-001
1.580000000000053e-004	-6.004691e-001
1.590000000000053e-004	-6.006959e-001
1.600000000000053e-004	-6.009215e-001
1.610000000000053e-004	-6.011460e-001
1.620000000000053e-004	-6.013693e-001
1.630000000000053e-004	-6.015915e-001
1.640000000000053e-004	-6.018125e-001
1.650000000000053e-004	-6.020325e-001
1.660000000000053e-004	-6.022513e-001
1.670000000000053e-004	-6.024691e-001
1.680000000000053e-004	-6.026857e-001
1.690000000000053e-004	-6.029014e-001
1.700000000000052e-004	-6.031160e-001
1.710000000000052e-004	-6.033295e-001
1.720000000000052e-004	-6.035420e-001
1.730000000000052e-004	-6.037535e-001
1.740000000000052e-004	-6.039640e-001
1.750000000000052e-004	-6.041735e-001
1.760000000000052e-004	-6.043820e-001
1.770000000000052e-004	-6.045895e-001
1.780000000000052e-004	-6.047960e-001
1.790000000000052e-004	-6.050016e-001
1.800000000000052e-004	-6.052063e-001
1.810000000000052e-004	-6.054099e-001
1.820000000000052e-004	-6.056127e-001
1.830000000000052e-004	-6.058145e-001
1.840000000000052e-004	-6.060154e-001
1.850000000000052e-004	-6.062154e-001
1.860000000000052e-004	-6.064146e-001
1.870000000000052e-004	-6.066128e-001
1.880000000000052e-004	-6.068102e-001
1.890000000000052e-004	-6.070066e-001
1.900000000000052e-004	-6.072022e-001
1.910000000000052e-004	-6.073970e-001
1.920000000000052e-004	-6.075909e-001
1.930000000000052e-004	-6.077840e-001
1.940000000000052e-004	-6.079763e-001
1.950000000000052e-004	-6.081676e-001
1.960000000000052e-004	-6.083583e-001
1.970000000000052e-004	-6.085393e-001
1.980000000000052e-004	-6.086522e-001
1.990000000000052e-004	-6.087349e-001
2.000000000000052e-004	-6.088029e-001
2.010000000000052e-004	-6.088622e-001
2.020000000000052e-004	-6.089152e-001
2.030000000000052e-004	-6.089636e-001
2.040000000000052e-004	-6.090083e-001
2.050000000000052e-004	-6.090501e-001
2.060000000000051e-004	-6.090906e-001
2.070000000000051e-004	-6.091275e-001
2.080000000000051e-004	-6.091627e-001
2.090000000000051e-004	-6.091964e-001
2.100000000000051e-004	-6.092286e-001
2.110000000000051e-004	-6.092595e-001
2.120000000000051e-004	-6.092893e-001
2.130000000000051e-004	-6.093181e-001
2.140000000000051e-004	-6.093459e-001
2.150000000000051e-004	-6.093728e-001
2.160000000000051e-004	-6.093989e-001
2.170000000000051e-004	-6.094242e-001
2.180000000000051e-004	-6.094488e-001
2.190000000000051e-004	-6.094727e-001
2.200000000000051e-004	-6.094960e-001
2.210000000000051e-004	-6.095186e-001
2.220000000000051e-004	-6.095408e-001
2.230000000000051e-004	-6.095623e-001
2.240000000000051e-004	-6.095834e-001
2.250000000000051e-004	-6.096039e-001
2.260000000000051e-004	-6.096240e-001
2.270000000000051e-004	-6.096436e-001
2.280000000000051e-004	-6.096628e-001
2.290000000000051e-004	-6.096815e-001
2.300000000000051e-004	-6.096999e-001
2.310000000000051e-004	-6.097178e-001
2.320000000000051e-004	-6.097354e-001
2.330000000000051e-004	-6.097527e-001
2.340000000000051e-004	-6.097695e-001
2.350000000000051e-004	-6.097860e-001
2.360000000000051e-004	-6.098022e-001
2.370000000000051e-004	-6.098181e-001
2.380000000000051e-004	-6.098336e-001
2.390000000000051e-004	-6.098489e-001
2.400000000000051e-004	-6.098638e-001
2.410000000000050e-004	-6.098784e-001
2.420000000000050e-004	-6.098928e-001
2.430000000000050e-004	-6.099069e-001
2.440000000000050e-004	-6.099206e-001
2.450000000000050e-004	-6.099342e-001
2.460000000000051e-004	-6.099474e-001
2.470000000000051e-004	-6.099604e-001
2.480000000000051e-004	-6.099732e-001
2.490000000000051e-004	-6.099857e-001
2.500000000000052e-004	-6.099980e-001
2.510000000000052e-004	-6.100100e-001
2.520000000000052e-004	-6.100218e-001
2.530000000000052e-004	-6.100334e-001
2.540000000000053e-004	-6.100447e-001
2.550000000000053e-004	-6.100559e-001
2.560000000000053e-004	-6.100668e-001
2.570000000000053e-004	-6.100774e-001
2.580000000000054e-004	-6.100879e-001
2.590000000000054e-004	-6.100982e-001
2.600000000000054e-004	-6.101083e-001
2.610000000000054e-004	-6.101182e-001
2.620000000000055e-004	-6.101279e-001
2.630000000000055e-004	-6.101373e-001
2.640000000000055e-004	-6.101466e-001
2.650000000000055e-004	-6.101557e-001
2.660000000000055e-004	-6.101646e-001
2.670000000000056e-004	-6.101734e-001
2.680000000000056e-004	-6.101820e-001
2.690000000000056e-004	-6.101903e-001
2.700000000000056e-004	-6.101986e-001
2.710000000000057e-004	-6.102066e-001
2.720000000000057e-004	-6.102145e-001
2.730000000000057e-004	-6.102222e-001
2.740000000000057e-004	-6.102298e-001
2.750000000000058e-004	-6.102372e-001
2.760000000000058e-004	-6.102444e-001
2.770000000000058e-004	-6.102515e-001
2.780000000000058e-004	-6.102584e-001
2.790000000000059e-004	-6.102652e-001
2.800000000000059e-004	-6.102718e-001
2.810000000000059e-004	-6.102783e-001
2.820000000000059e-004	-6.102846e-001
2.830000000000060e-004	-6.102908e-001
2.840000000000060e-004	-6.102969e-001
2.850000000000060e-004	-6.103028e-001
2.860000000000060e-004	-6.103086e-001
2.870000000000061e-004	-6.103142e-001
2.880000000000061e-004	-6.103198e-001
2.890000000000061e-004	-6.103252e-001
2.900000000000061e-004	-6.103305e-001
2.910000000000062e-004	-6.103356e-001
2.920000000000062e-004	-6.103407e-001
2.930000000000062e-004	-6.103455e-001
2.940000000000062e-004	-6.103503e-001
2.950000000000063e-004	-6.103550e-001
2.960000000000063e-004	-6.103595e-001
2.970000000000063e-004	-6.103640e-001
2.980000000000063e-004	-6.103683e-001
2.990000000000064e-004	-6.103725e-001
3.000000000000064e-004	-6.103767e-001
3.010000000000064e-004	-6.103806e-001
3.020000000000064e-004	-6.103845e-001
3.030000000000064e-004	-6.103883e-001
3.040000000000065e-004	-6.103920e-001
3.050000000000065e-004	-6.103956e-001
3.060000000000065e-004	-6.103991e-001
3.070000000000065e-004	-6.104025e-001
3.080000000000066e-004	-6.104059e-001
3.090000000000066e-004	-6.104091e-001
3.100000000000066e-004	-6.104122e-001
3.110000000000066e-004	-6.104152e-001
3.120000000000067e-004	-6.104182e-001
3.130000000000067e-004	-6.104211e-001
3.140000000000067e-004	-6.104238e-001
3.150000000000067e-004	-6.104265e-001
3.160000000000068e-004	-6.104292e-001
3.170000000000068e-004	-6.104317e-001
3.180000000000068e-004	-6.104341e-001
3.190000000000068e-004	-6.104365e-001
3.200000000000069e-004	-6.104388e-001
3.210000000000069e-004	-6.104410e-001
3.220000000000069e-004	-6.104432e-001
3.230000000000069e-004	-6.104453e-001
3.240000000000070e-004	-6.104473e-001
3.250000000000070e-004	-6.104492e-001
3.260000000000070e-004	-6.104510e-001
3.270000000000070e-004	-6.104529e-001
3.280000000000071e-004	-6.104546e-001
3.290000000000071e-004	-6.104563e-001
3.300000000000071e-004	-6.104579e-001
3.310000000000071e-004	-6.104594e-001
3.320000000000072e-004	-6.104609e-001
3.330000000000072e-004	-6.104623e-001
3.340000000000072e-004	-6.104637e-001
3.350000000000072e-004	-6.104650e-001
3.360000000000073e-004	-6.104662e-001
3.370000000000073e-004	-6.104674e-001
3.380000000000073e-004	-6.104686e-001
3.390000000000073e-004	-6.104697e-001
3.400000000000073e-004	-6.104707e-001
3.410000000000074e-004	-6.104717e-001
3.420000000000074e-004	-6.104726e-001
3.430000000000074e-004	-6.104735e-001
3.440000000000074e-004	-6.104743e-001
3.450000000000075e-004	-6.104751e-001
3.460000000000075e-004	-6.104758e-001
3.470000000000075e-004	-6.104766e-001
3.480000000000075e-004	-6.104771e-001
3.490000000000076e-004	-6.104778e-001
3.500000000000076e-004	-6.104783e-001
3.510000000000076e-004	-6.104788e-001
3.520000000000076e-004	-6.104793e-001
3.530000000000077e-004	-6.104798e-001
3.540000000000077e-004	-6.104801e-001
3.550000000000077e-004	-6.104805e-001
3.560000000000077e-004	-6.104808e-001
3.570000000000078e-004	-6.104811e-001
3.580000000000078e-004	-6.104813e-001
3.590000000000078e-004	-6.104815e-001
3.600000000000078e-004	-6.104817e-001
3.610000000000079e-004	-6.104818e-001
3.620000000000079e-004	-6.104819e-001
3.630000000000079e-004	-6.104820e-001
3.640000000000079e-004	-6.104820e-001
3.650000000000080e-004	-6.104820e-001
3.660000000000080e-004	-6.104820e-001
3.670000000000080e-004	-6.104819e-001
3.680000000000080e-004	-6.104818e-001
3.690000000000081e-004	-6.104817e-001
3.700000000000081e-004	-6.104816e-001
3.710000000000081e-004	-6.104813e-001
3.720000000000081e-004	-6.104811e-001
3.730000000000081e-004	-6.104809e-001
3.740000000000082e-004	-6.104806e-001
3.750000000000082e-004	-6.104804e-001
3.760000000000082e-004	-6.104800e-001
3.770000000000082e-004	-6.104797e-001
3.780000000000083e-004	-6.104793e-001
3.790000000000083e-004	-6.104789e-001
3.800000000000083e-004	-6.104785e-001
3.810000000000083e-004	-6.104780e-001
3.820000000000084e-004	-6.104776e-001
3.830000000000084e-004	-6.104771e-001
3.840000000000084e-004	-6.104766e-001
3.850000000000084e-004	-6.104761e-001
3.860000000000085e-004	-6.104755e-001
3.870000000000085e-004	-6.104750e-001
3.880000000000085e-004	-6.104744e-001
3.890000000000085e-004	-6.104738e-001
3.900000000000086e-004	-6.104732e-001
3.910000000000086e-004	-6.104725e-001
3.920000000000086e-004	-6.104718e-001
3.930000000000086e-004	-6.104712e-001
3.940000000000087e-004	-6.104705e-001
3.950000000000087e-004	-6.104698e-001
3.960000000000087e-004	-6.104690e-001
3.970000000000087e-004	-6.104683e-001
3.980000000000088e-004	-6.104675e-001
3.990000000000088e-004	-6.104667e-001
4.000000000000088e-004	-6.104659e-001
4.010000000000088e-004	-6.104651e-001
4.020000000000089e-004	-6.104643e-001
4.030000000000089e-004	-6.104634e-001
4.040000000000089e-004	-6.104625e-001
4.050000000000089e-004	-6.104617e-001
4.060000000000090e-004	-6.104608e-001
4.070000000000090e-004	-6.104599e-001
4.080000000000090e-004	-6.104590e-001
4.090000000000090e-004	-6.104581e-001
4.100000000000090e-004	-6.104571e-001
4.110000000000091e-004	-6.104562e-001
4.120000000000091e-004	-6.104552e-001
4.130000000000091e-004	-6.104542e-001
4.140000000000091e-004	-6.104532e-001
4.150000000000092e-004	-6.104522e-001
4.160000000000092e-004	-6.104512e-001
4.170000000000092e-004	-6.104502e-001
4.180000000000092e-004	-6.104492e-001
4.190000000000093e-004	-6.104481e-001
4.200000000000093e-004	-6.104470e-001
4.210000000000093e-004	-6.104460e-001
4.220000000000093e-004	-6.104450e-001
4.230000000000094e-004	-6.104438e-001
4.240000000000094e-004	-6.104428e-001
4.250000000000094e-004	-6.104417e-001
4.260000000000094e-004	-6.104406e-001
4.270000000000095e-004	-6.104394e-001
4.280000000000095e-004	-6.104383e-001
4.290000000000095e-004	-6.104372e-001
4.300000000000095e-004	-6.104360e-001
4.310000000000096e-004	-6.104349e-001
4.320000000000096e-004	-6.104337e-001
4.330000000000096e-004	-6.104326e-001
4.340000000000096e-004	-6.104314e-001
4.350000000000097e-004	-6.104302e-001
4.360000000000097e-004	-6.104290e-001
4.370000000000097e-004	-6.104278e-001
4.380000000000097e-004	-6.104266e-001
4.390000000000098e-004	-6.104254e-001
4.400000000000098e-004	-6.104242e-001
4.410000000000098e-004	-6.104230e-001
4.420000000000098e-004	-6.104217e-001
4.430000000000099e-004	-6.104205e-001
4.440000000000099e-004	-6.104192e-001
4.450000000000099e-004	-6.104180e-001
4.460000000000099e-004	-6.104167e-001
4.470000000000099e-004	-6.104155e-001
4.480000000000100e-004	-6.104142e-001
4.490000000000100e-004	-6.104129e-001
4.500000000000100e-004	-6.104116e-001
4.510000000000100e-004	-6.104104e-001
4.520000000000101e-004	-6.104091e-001
4.530000000000101e-004	-6.104078e-001
4.540000000000101e-004	-6.104065e-001
4.550000000000101e-004	-6.104052e-001
4.560000000000102e-004	-6.104039e-001
4.570000000000102e-004	-6.104026e-001
4.580000000000102e-004	-6.104013e-001
4.590000000000102e-004	-6.103999e-001
4.600000000000103e-004	-6.103986e-001
4.610000000000103e-004	-6.103973e-001
4.620000000000103e-004	-6.103959e-001
4.630000000000103e-004	-6.103946e-001
4.640000000000104e-004	-6.103932e-001
4.650000000000104e-004	-6.103919e-001
4.660000000000104e-004	-6.103905e-001
4.670000000000104e-004	-6.103892e-001
4.680000000000105e-004	-6.103879e-001
4.690000000000105e-004	-6.103865e-001
4.700000000000105e-004	-6.103851e-001
4.710000000000105e-004	-6.103837e-001
4.720000000000106e-004	-6.103824e-001
4.730000000000106e-004	-6.103810e-001
4.740000000000106e-004	-6.103796e-001
4.750000000000106e-004	-6.103783e-001
4.760000000000107e-004	-6.103768e-001
4.770000000000107e-004	-6.103755e-001
4.780000000000107e-004	-6.103741e-001
4.790000000000107e-004	-6.103727e-001
4.800000000000108e-004	-6.103713e-001
4.810000000000108e-004	-6.103699e-001
4.820000000000108e-004	-6.103685e-001
4.830000000000108e-004	-6.103671e-001
4.840000000000108e-004	-6.103657e-001
4.850000000000109e-004	-6.103643e-001
4.860000000000109e-004	-6.103629e-001
4.870000000000109e-004	-6.103615e-001
4.880000000000109e-004	-6.103600e-001
4.890000000000109e-004	-6.103586e-001
4.900000000000109e-004	-6.103572e-001
4.910000000000110e-004	-6.103558e-001
4.920000000000110e-004	-6.103544e-001
4.930000000000110e-004	-6.103529e-001
4.940000000000110e-004	-6.103515e-001
4.950000000000111e-004	-6.103501e-001
4.960000000000111e-004	-6.103486e-001
4.970000000000111e-004	-6.103472e-001
4.980000000000111e-004	-6.103457e-001
4.990000000000112e-004	-6.103443e-001
5.000000000000000e-004	-6.103429e-001
